tls seq, tls len, action
1, 402
2, 1
3, 99
4, 122
5, 1
6, 1017
7, 1111
8, 53
9, 99
10, 1517
11, 1485
12, 174
13, 69
14, 26
15, 56
16, 26
17, 833
18, 1517
19, 1517
20, 759
21, 1517
22, 1517
23, 1517
24, 1517
25, 1008
26, 1517
27, 548
28, 360
29, 30
30, 1517
31, 181
32, 69
33, 1517
34, 800
35, 56
36, 1517
37, 1714
38, 30
39, 977
40, 563
41, 474
42, 403
43, 1517
44, 854
45, 1517
46, 1517
47, 1517
48, 1415
49, 1517
50, 1517
51, 1517
52, 1517
53, 995
54, 627
55, 1517
56, 1517
57, 1517
58, 1517
59, 1282
60, 1517
61, 1517
62, 1517
63, 1517
64, 931
65, 1517
66, 201
67, 1517
68, 1517
69, 1517
70, 1517
71, 928
72, 1517
73, 1517
74, 850
75, 1517
76, 1517
77, 1517
78, 1517
79, 916
80, 1517
81, 1517
82, 1517
83, 1517
84, 921
85, 1517
86, 1517
87, 1517
88, 1517
89, 921
90, 1517
91, 1517
92, 1517
93, 1517
94, 921
95, 1517
96, 1517
97, 1517
98, 1517
99, 921
100, 1517
101, 30
102, 1517
103, 1517
104, 1517
105, 921
106, 1517
107, 1517
108, 1517
109, 1517
110, 921
111, 1517
112, 1517
113, 1517
114, 1517
115, 916
116, 1517
117, 1517
118, 1517
119, 1517
120, 921
121, 1517
122, 1517
123, 1517
124, 1517
125, 921
126, 1517
127, 1517
128, 1517
129, 1517
130, 30
131, 921
132, 1517
133, 1517
134, 1517
135, 1517
136, 921
137, 1517
138, 1517
139, 1517
140, 1517
141, 921
142, 1517
143, 1517
144, 1517
145, 1517
146, 921
147, 1517
148, 1517
149, 1517
150, 1517
151, 921
152, 1517
153, 1517
154, 1517
155, 1022
156, 1517
157, 1517
158, 1517
159, 1517
160, 1517
161, 1517
162, 1517
163, 1517
164, 216
165, 30
166, 1372
167, 30
168, 1517
169, 9415
170, 30
171, 1517
172, 417
173, 2030
174, 370
175, 1315
176, 833
177, 56
178, 30
179, 43
180, 384
181, 255
182, 297
183, 443
184, 500
185, 917
186, 69
187, 56
188, 30
189, 1517
190, 292
191, 923
192, 883
193, 1517
194, 4078
195, 30
196, 1517
197, 1517
198, 244
199, 1270
200, 242
201, 413
202, 394
203, 1263
204, 729
205, 30
206, 1517
207, 1517
208, 550
209, 1517
210, 1517
211, 1517
212, 1517
213, 981
214, 1517
215, 1517
216, 573
217, 323
218, 862
219, 1517
220, 537
221, 1517
222, 1517
223, 1517
224, 1517
225, 1004
226, 1517
227, 1517
228, 1517
229, 1517
230, 931
231, 1517
232, 1517
233, 501
234, 92
235, 1517
236, 1517
237, 1517
238, 1517
239, 918
240, 1517
241, 961
242, 1517
243, 4176
244, 30
245, 315
246, 1501
247, 346
248, 610
249, 30
250, 30
251, 30
252, 292
253, 378
254, 1517
255, 311
256, 30
257, 919
258, 892
259, 30
260, 367
261, 1517
262, 1517
263, 1517
264, 1517
265, 1266
266, 696
267, 642
268, 30
269, 332
270, 1517
271, 802
272, 30
273, 363
274, 1431
275, 30
276, 267
277, 1517
278, 67
279, 30
280, 1517
281, 1517
282, 1517
283, 1517
284, 987
285, 1517
286, 1517
287, 1517
288, 1517
289, 931
290, 1517
291, 1517
292, 1517
293, 1517
294, 925
295, 1517
296, 1517
297, 1517
298, 30
299, 1517
300, 921
301, 1517
302, 1517
303, 1517
304, 1517
305, 1517
306, 1517
307, 1517
308, 1517
309, 1517
310, 316
311, 1517
312, 1517
313, 1517
314, 1517
315, 921
316, 1517
317, 1517
318, 1517
319, 1517
320, 916
321, 1517
322, 1517
323, 1517
324, 1517
325, 921
326, 1517
327, 1517
328, 1517
329, 1517
330, 921
331, 1517
332, 1517
333, 1517
334, 1517
335, 921
336, 1517
337, 1517
338, 1517
339, 1517
340, 921
341, 1517
342, 30
343, 1517
344, 1517
345, 1517
346, 1517
347, 1517
348, 1517
349, 558
350, 347
351, 1517
352, 1517
353, 1517
354, 30
355, 1517
356, 1517
357, 1517
358, 1517
359, 1517
360, 1517
361, 1517
362, 1517
363, 1517
364, 1517
365, 1517
366, 1517
367, 34
368, 1517
369, 812
370, 30
371, 316
372, 317
373, 218
374, 640
375, 1517
376, 625
377, 43
378, 43
379, 314
380, 69
381, 30
382, 752
383, 360
384, 273
385, 470
386, 728
387, 30
388, 455
389, 451
390, 30
391, 1517
392, 1517
393, 1517
394, 1517
395, 1517
396, 1517
397, 1517
398, 1517
399, 1517
400, 357
401, 1517
402, 1517
403, 1517
404, 1517
405, 1517
406, 1517
407, 1373
408, 1184
409, 1517
410, 503
411, 650
412, 976
413, 1517
414, 1079
415, 1517
416, 394
417, 1517
418, 588
419, 82
420, 82
421, 1128
422, 497
423, 1299
424, 1517
425, 1517
426, 424
427, 1004
428, 567
429, 1517
430, 311
431, 414
432, 30
433, 1517
434, 51
435, 1333
436, 30
437, 339
438, 30
439, 993
440, 56
441, 1517
442, 9109
443, 30
444, 1517
445, 1517
446, 1517
447, 1517
448, 527
449, 759
450, 519
451, 180
452, 975
453, 975
454, 564
455, 1517
456, 127
457, 1517
458, 904
459, 82
460, 43
461, 336
462, 697
463, 30
464, 1517
465, 722
466, 978
467, 977
468, 994
469, 1517
470, 1517
471, 930
472, 220
473, 283
474, 1517
475, 1517
476, 1517
477, 1517
478, 211
479, 479
480, 334
481, 98
482, 352
483, 339
484, 30
485, 30
486, 473
487, 975
488, 1044
489, 1415
490, 30
491, 279
492, 410
493, 30
494, 889
495, 125
496, 30
497, 464
498, 1517
499, 5736
500, 30
501, 344
502, 1413
503, 30
504, 268
505, 781
506, 30
507, 1517
508, 1517
509, 1233
510, 431
511, 30
512, 473
513, 125
514, 30
515, 449
516,1090,点赞
517, 30
518, 1204
519, 339
520, 965
521, 43
522, 56
523, 1517
524, 5777
525, 30
526, 1470
527, 988
528, 1250
529, 669
530, 30
531, 293
532, 1517
533, 1728
534, 30
535, 291
536, 429
537, 30
538, 818
539, 791
540, 874
541, 826
542, 30
543, 1517
544, 1052
545, 1416
546, 30
547, 266
548, 502
549, 30
550, 450
551, 472
552, 30
553, 1517
554, 577
555,1517,评论
556,654,评论
557, 820
558, 43
559, 43
560, 1011
561, 1252
562, 449
563, 1517
564, 1517
565, 234
566, 373
567, 339
568, 30
569, 30
570, 1012
571, 476
572, 424
573, 30
574, 383
575, 382
576, 904
577, 30
578, 30
579, 30
580, 452
581, 30
582, 1211
583, 1517
584, 5713
585, 30
586, 912
587, 886
588, 1239
589, 336
590, 1517
591, 1171
592,1517,分享
593,365,分享
594, 30
595, 1089
596, 30
597, 30
598, 314
599, 384
600, 1517
601, 439
602, 1517
603, 1727
604, 30
605, 1517
606, 1517
607, 1517
608, 314
609, 1517
610, 2158
611, 30
612, 318
613, 576
614, 30
615, 440
616, 360
617, 30
618, 1001
619, 136
620, 30
621, 453
622, 395
623, 30
624, 752
625, 339
626, 30
627, 1011
628,1139,点赞
629, 30
630, 874
631, 1204
632, 30
633, 339
634, 965
635, 30
636, 56
637, 1214
638, 736
639, 1517
640, 8885
641, 30
642, 30
643, 621
644, 994
645, 975
646, 320
647, 1517
648, 965
649, 30
650, 288
651, 773
652, 481
653, 30
654, 1465
655, 30
656, 473
657, 315
658, 454
659, 30
660, 454
661, 30
662, 1517
663, 423
664, 947
665, 457
666, 30
667, 944
668, 455
669, 30
670, 1281
671, 456
672, 30
673, 420
674, 457
675, 30
676, 409
677, 457
678, 30
679, 409
680,1517,评论
681,707,评论
682, 801
683, 43
684, 43
685, 999
686, 990
687, 449
688, 1517
689, 1517
690, 104
691, 358
692, 339
693, 30
694, 30
695, 987
696, 474
697, 1440
698, 69
699, 424
700, 30
701, 1517
702, 9770
703, 30
704, 668
705, 1383
706, 1172
707, 1175
708, 325
709,1517,分享
710,386,分享
711, 1028
712, 30
713, 30
714, 1517
715, 1429
716, 30
717, 324
718, 230
719, 1517
720, 333
721, 1517
722, 3075
723, 30
724, 389
725, 125
726, 30
727, 450
728, 1204
729, 30
730, 339
731, 965
732, 30
733, 56
734, 1517
735, 3305
736, 30
737, 1517
738, 1517
739, 1517
740, 987
741, 769
742, 393
743, 130
744, 1109
745, 1454
746, 1517
747, 220
748, 157
749, 84
750, 894
751, 1517
752, 127
753, 150
754, 104
755, 82
756, 326
757, 638
758, 496
759, 661
760, 157
761, 84
762, 339
763, 30
764, 43
765, 483
766, 157
767, 84
768, 30
769, 339
770, 30
771, 612
772, 216
773, 339
774, 30
775, 302
776, 1517
777, 1517
778, 1517
779, 105
780, 1026
781, 989
782, 979
783, 1150
784, 1111
785, 782
786, 955
787, 43
788, 707
789, 700
790, 477
791, 30
792, 728
793,1112,点赞
794, 30
795, 473
796, 30
797, 474
798, 889
799, 457
800, 30
801, 1517
802, 543
803,1517,评论
804,605,评论
805, 793
806, 43
807, 43
808, 1517
809, 462
810, 595
811, 1424
812, 1517
813, 4861
814, 30
815, 30
816, 245
817, 335
818, 1348
819, 30
820, 292
821, 913
822, 30
823, 291
824, 1517
825, 1517
826, 228
827, 30
828, 352
829, 339
830, 30
831, 30
832, 978
833, 485
834, 424
835, 672
836, 30
837, 43
838, 574
839, 449
840, 376
841, 424
842, 1517
843, 1731
844, 1173
845, 30
846, 30
847, 30
848, 447
849, 885
850, 1171
851,1517,分享
852,312,分享
853, 1029
854, 30
855, 30
856, 1517
857, 1238
858, 30
859, 348
860, 242
861, 1517
862, 431
863, 1517
864, 1773
865, 30
866, 317
867, 1241
868, 30
869, 316
870, 339
871, 30
872, 1081
873, 1517
874, 1846
875, 30
876, 326
877, 1517
878, 274
879, 30
880, 125
881, 30
882, 609
883, 1517
884, 1517
885, 1517
886, 1517
887, 1517
888, 1517
889, 1517
890, 1517
891, 1517
892, 384
893, 1517
894, 1517
895, 1517
896, 1517
897, 925
898, 1517
899, 1517
900, 1517
901, 1517
902, 1517
903, 1517
904, 1517
905, 1517
906, 1517
907, 316
908, 1517
909, 1517
910, 1517
911, 1517
912, 921
913, 1517
914, 1517
915, 1517
916, 1517
917, 921
918, 1517
919, 1517
920, 1517
921, 1517
922, 1517
923, 1517
924, 1517
925, 1517
926, 1517
927, 311
928, 1517
929, 1517
930, 1517
931, 1517
932, 921
933, 1517
934, 1517
935, 1517
936, 1517
937, 921
938, 1517
939, 1517
940, 30
941, 1517
942, 1517
943, 921
944, 1517
945, 30
946, 1517
947, 1517
948, 1517
949, 921
950, 1517
951, 1517
952, 1517
953, 1517
954, 921
955, 1517
956, 1517
957, 1517
958, 1517
959, 921
960, 1517
961, 1517
962, 1517
963, 1517
964, 921
965, 1517
966, 1517
967, 1517
968, 1517
969, 1517
970, 1517
971, 1517
972, 1517
973, 1517
974, 311
975, 1517
976, 1517
977, 1517
978, 1517
979, 1517
980, 1517
981, 1517
982, 1517
983, 1517
984, 316
985, 1517
986, 1517
987, 1517
988, 1517
989, 1517
990, 1517
991, 1517
992, 1517
993, 1231
994, 339
995, 30
996, 999
997, 339
998, 30
999, 1015
1000, 414
1001, 30
1002, 1517
1003, 592
1004, 339
1005, 30
1006, 999
1007, 1474
1008, 30
1009, 1517
1010, 3129
1011, 339
1012, 30
1013, 30
1014, 269
1015, 373
1016, 994
1017,1068,点赞
1018, 30
1019, 1240
1020, 30
1021, 339
1022, 993
1023, 30
1024, 56
1025, 911
1026, 1517
1027, 1517
1028, 1517
1029, 510
1030, 223
1031, 295
1032, 30
1033, 1517
1034, 30
1035, 43
1036, 977
1037, 978
1038, 691
1039, 1517
1040, 1696
1041, 30
1042, 30
1043, 499
1044, 293
1045, 1109
1046, 1517
1047, 1517
1048, 911
1049, 1517
1050, 558
1051, 324
1052, 339
1053, 36
1054, 471
1055, 43
1056, 339
1057, 30
1058, 1372
1059, 978
1060, 1517
1061, 1517
1062, 1517
1063, 1517
1064, 991
1065, 1517
1066, 1517
1067, 1517
1068, 1517
1069, 931
1070, 1517
1071, 1517
1072, 1517
1073, 1517
1074, 925
1075, 1517
1076, 1517
1077, 1517
1078, 1517
1079, 1517
1080, 1517
1081, 1517
1082, 1517
1083, 327
1084, 462
1085, 30
1086, 1517
1087, 1517
1088, 1517
1089, 1517
1090, 1001
1091, 1517
1092, 1517
1093, 1517
1094, 1517
1095, 931
1096, 1517
1097, 1517
1098, 1517
1099, 1517
1100, 1517
1101, 1517
1102, 1517
1103, 1517
1104, 1517
1105, 320
1106, 1517
1107, 1517
1108, 1517
1109, 174
1110, 458
1111, 30
1112, 1517
1113, 1517
1114, 1517
1115, 1517
1116, 1157
1117, 1517
1118, 1517
1119, 1517
1120, 1517
1121, 1517
1122, 1517
1123, 1517
1124, 1517
1125, 30
1126, 1517
1127, 330
1128, 1517
1129, 1517
1130, 1517
1131, 1517
1132, 921
1133, 1517
1134, 1517
1135, 731
1136, 460
1137, 30
1138, 1517
1139, 1517
1140, 1517
1141, 1517
1142, 1517
1143, 1517
1144, 1517
1145, 1517
1146, 1517
1147, 302
1148, 1517
1149, 1517
1150, 1517
1151, 1517
1152, 927
1153, 1517
1154, 1517
1155, 1517
1156, 1517
1157, 921
1158, 1517
1159, 1517
1160, 1517
1161, 584
1162, 461
1163, 30
1164, 1517
1165, 1517
1166, 1517
1167, 1517
1168, 1004
1169, 1517
1170, 1517
1171, 1517
1172, 1517
1173, 1517
1174, 1517
1175, 1517
1176, 1517
1177, 1517
1178, 330
1179, 1517
1180, 1517
1181, 1517
1182, 1517
1183, 921
1184, 1517
1185, 1517
1186, 1267
1187, 30
1188, 460
1189, 30
1190, 1517
1191, 1517
1192, 1517
1193, 1517
1194, 1004
1195, 1517
1196, 1517
1197, 1517
1198, 1517
1199, 1517
1200, 1517
1201, 1517
1202, 1517
1203, 1517
1204, 330
1205, 1517
1206, 1517
1207, 1517
1208, 1517
1209, 921
1210, 1517
1211, 1517
1212, 1517
1213, 457
1214, 458
1215, 30
1216, 1517
1217, 1517
1218, 1517
1219, 1517
1220, 1517
1221, 1517
1222, 1517
1223, 1517
1224, 1517
1225, 518
1226, 1517
1227, 1517
1228, 1517
1229, 1517
1230, 1517
1231, 1517
1232, 1517
1233, 1517
1234, 1517
1235, 320
1236, 1517
1237, 1517
1238, 1517
1239, 1118
1240, 481
1241, 30
1242, 450
1243, 453
1244, 30
1245, 1517
1246, 544
1247, 454
1248, 30
1249, 409
1250, 455
1251, 30
1252, 426
1253, 456
1254, 30
1255, 444
1256, 458
1257, 30
1258, 491
1259, 454
1260, 30
1261, 1031
1262, 125
1263, 30
1264, 454
1265, 454
1266, 30
1267, 435
1268, 456
1269, 30
1270, 541
1271, 455
1272, 30
1273, 436
1274, 455
1275, 30
1276, 484
1277, 481
1278, 30
1279, 474
1280, 1517
1281, 4410
1282, 30
1283, 346
1284, 919
1285, 30
1286, 305
1287, 454
1288, 30
1289, 1517
1290, 547
1291, 455
1292, 30
1293, 1517
1294, 630
1295, 456
1296, 30
1297, 413
1298,1517,评论
1299,1419,评论
1300, 69
1301, 1001
1302, 1112
1303, 452
1304, 30
1305, 1517
1306, 1517
1307, 259
1308, 358
1309, 30
1310, 339
1311, 30
1312, 473
1313, 979
1314, 1416
1315, 30
1316, 270
1317, 1517
1318, 1815
1319, 30
1320, 338
1321, 424
1322, 345
1323, 344
1324, 376
1325, 30
1326, 30
1327, 30
1328, 30
1329, 424
1330, 30
1331, 1517
1332, 1998
1333, 30
1334, 595
1335, 560
1336, 1191
1337, 884
1338, 296
1339, 1306
1340,1517,分享
1341,1298,分享
1342, 43
1343, 1517
1344, 1326
1345, 30
1346, 380
1347, 232
1348, 1517
1349, 317
1350, 389
1351, 30
1352, 810
1353, 339
1354, 30
1355, 1012
1356, 125
1357, 30
1358, 610
1359, 1517
1360, 1893
1361, 30
1362, 1517
1363, 1517
1364, 1517
1365, 1517
1366, 1517
1367, 1517
1368, 1517
1369, 712
1370, 339
1371, 30
1372, 997
1373,1131,点赞
1374, 30
1375, 1209
1376, 30
1377, 897
1378, 339
1379, 30
1380, 965
1381, 56
1382, 1517
1383, 5708
1384, 30
1385, 1517
1386, 993
1387, 326
1388, 1517
1389, 1306
1390, 1517
1391, 1517
1392, 1221
1393, 30
1394, 1399
1395, 328
1396, 1517
1397, 1517
1398, 1517
1399, 629
1400, 597
1401, 1517
1402, 127
1403, 208
1404, 82
1405, 641
1406, 211
1407, 287
1408, 1494
1409, 339
1410, 69
1411, 30
1412, 339
1413, 30
1414, 977
1415, 1517
1416, 535
1417, 993
1418, 979
1419, 1517
1420, 382
1421, 1110
1422, 1042
1423, 473
1424, 979
1425, 1517
1426, 2506
1427, 30
1428, 351
1429, 501
1430, 30
1431, 484
1432, 1427
1433, 30
1434, 348
1435,1517,评论
1436,1495,评论
1437, 69
1438, 1074
1439, 995
1440, 451
1441, 1517
1442, 1417
1443, 373
1444, 30
1445, 339
1446, 30
1447, 638
1448, 1040
1449, 1517
1450, 821
1451, 30
1452, 317
1453, 1517
1454, 182
1455, 30
1456, 1517
1457, 584
1458, 30
1459, 351
1460, 1517
1461, 1517
1462, 1517
1463, 1517
1464, 982
1465, 1517
1466, 1102
1467, 1517
1468, 629
1469, 1517
1470, 127
1471, 82
1472, 82
1473, 1517
1474, 462
1475, 1517
1476, 1517
1477, 1517
1478, 1137
1479, 976
1480, 1111
1481, 452
1482, 401
1483, 30
1484, 30
1485, 424
1486, 30
1487, 1517
1488, 2777
1489, 30
1490, 971
1491, 1172
1492, 1173
1493, 338
1494,1517,分享
1495,372,分享
1496, 1090
1497, 30
1498, 30
1499, 1517
1500, 1314
1501, 30
1502, 398
1503, 304
1504, 1517
1505, 334
1506, 1517
1507, 1775
1508, 30
1509, 665
1510, 30
1511, 1517
1512, 2278
1513, 30
1514, 346
1515, 30
1516, 1517
1517, 921
1518, 293
1519, 444
1520, 621
1521, 136
1522, 30
1523, 514
1524, 1517
1525, 1991
1526, 30
1527, 642
1528, 30
1529, 1517
1530, 1041
1531, 476
1532, 324
1533, 30
1534, 525
1535, 791
1536, 771
1537, 30
1538, 30
1539, 1517
1540, 1517
1541, 1517
1542, 1517
1543, 993
1544, 865
1545, 1517
1546, 1517
1547, 1517
1548, 1517
1549, 1033
1550, 1517
1551, 1517
1552, 1517
1553, 30
1554, 596
1555, 1517
1556, 5861
1557, 30
1558, 353
1559, 1038
1560, 30
1561, 289
1562, 1517
1563, 80
1564, 30
1565, 315
